subject_id,filename,filepath,timestamp
subject001,sample_000.png,C:\Users\riyat\Downloads\palmvein\palm_vein_dataset\subject001\sample_000.png,2026-09-08T19:47:31.602696
subject001,sample_001.png,C:\Users\riyat\Downloads\palmvein\palm_vein_dataset\subject001\sample_001.png,2026-09-08T19:48:15.807803
subject001,sample_002.png,C:\Users\riyat\Downloads\palmvein\palm_vein_dataset\subject001\sample_002.png,2026-09-08T19:48:18.574022
subject001,sample_003.png,C:\Users\riyat\Downloads\palmvein\palm_vein_dataset\subject001\sample_003.png,2026-09-08T19:48:24.608969
subject001,sample_004.png,C:\Users\riyat\Downloads\palmvein\palm_vein_dataset\subject001\sample_004.png,2026-09-08T19:48:26.977569
subject002,sample_001.png,C:\Users\riyat\Downloads\palmvein\palm_vein_dataset\subject002\sample_001.png,2026-09-08T19:52:52.104269
subject002,sample_002.png,C:\Users\riyat\Downloads\palmvein\palm_vein_dataset\subject002\sample_002.png,2026-09-08T19:52:54.729537
subject002,sample_003.png,C:\Users\riyat\Downloads\palmvein\palm_vein_dataset\subject002\sample_003.png,2026-09-08T19:52:55.447130
subject002,sample_004.png,C:\Users\riyat\Downloads\palmvein\palm_vein_dataset\subject002\sample_004.png,2026-09-08T19:52:57.118454
subject003,sample_000.png,C:\Users\riyat\Downloads\palmvein\palm_vein_dataset\subject003\sample_000.png,2026-09-08T19:53:56.918784
subject003,sample_001.png,C:\Users\riyat\Downloads\palmvein\palm_vein_dataset\subject003\sample_001.png,2026-09-08T19:53:57.970560
subject003,sample_002.png,C:\Users\riyat\Downloads\palmvein\palm_vein_dataset\subject003\sample_002.png,2026-09-08T19:53:58.609753
subject003,sample_003.png,C:\Users\riyat\Downloads\palmvein\palm_vein_dataset\subject003\sample_003.png,2026-09-08T19:53:59.110881
subject003,sample_004.png,C:\Users\riyat\Downloads\palmvein\palm_vein_dataset\subject003\sample_004.png,2026-09-08T19:54:03.274625
subject003,sample_005.png,C:\Users\riyat\Downloads\palmvein\palm_vein_dataset\subject003\sample_005.png,2026-09-08T19:54:05.236773
subject004,sample_000.png,C:\Users\riyat\Downloads\palmvein\palm_vein_dataset\subject004\sample_000.png,2026-09-08T19:54:53.759194
subject004,sample_001.png,C:\Users\riyat\Downloads\palmvein\palm_vein_dataset\subject004\sample_001.png,2026-09-08T19:54:54.845385
subject004,sample_002.png,C:\Users\riyat\Downloads\palmvein\palm_vein_dataset\subject004\sample_002.png,2026-09-08T19:54:55.781767
subject004,sample_003.png,C:\Users\riyat\Downloads\palmvein\palm_vein_dataset\subject004\sample_003.png,2026-09-08T19:54:56.956035
subject004,sample_004.png,C:\Users\riyat\Downloads\palmvein\palm_vein_dataset\subject004\sample_004.png,2026-09-08T19:54:57.816237
subject005,sample_000.png,C:\Users\riyat\Downloads\palmvein\palm_vein_dataset\subject005\sample_000.png,2026-09-08T19:55:21.273960
subject005,sample_001.png,C:\Users\riyat\Downloads\palmvein\palm_vein_dataset\subject005\sample_001.png,2026-09-08T19:55:21.829495
subject005,sample_002.png,C:\Users\riyat\Downloads\palmvein\palm_vein_dataset\subject005\sample_002.png,2026-09-08T19:55:22.701909
subject005,sample_003.png,C:\Users\riyat\Downloads\palmvein\palm_vein_dataset\subject005\sample_003.png,2026-09-08T19:55:23.636687
subject005,sample_004.png,C:\Users\riyat\Downloads\palmvein\palm_vein_dataset\subject005\sample_004.png,2026-09-08T19:55:24.339297
subject005,sample_005.png,C:\Users\riyat\Downloads\palmvein\palm_vein_dataset\subject005\sample_005.png,2026-09-08T19:58:23.648274
subject005,sample_006.png,C:\Users\riyat\Downloads\palmvein\palm_vein_dataset\subject005\sample_006.png,2026-09-08T19:58:24.341664
subject006,sample_000.png,C:\Users\riyat\Downloads\palmvein\palm_vein_dataset\subject006\sample_000.png,2026-09-08T19:59:57.875381
subject006,sample_001.png,C:\Users\riyat\Downloads\palmvein\palm_vein_dataset\subject006\sample_001.png,2026-09-08T20:00:07.478663
subject006,sample_002.png,C:\Users\riyat\Downloads\palmvein\palm_vein_dataset\subject006\sample_002.png,2026-09-08T20:00:09.570237
subject006,sample_003.png,C:\Users\riyat\Downloads\palmvein\palm_vein_dataset\subject006\sample_003.png,2026-09-08T20:00:10.742546
subject006,sample_004.png,C:\Users\riyat\Downloads\palmvein\palm_vein_dataset\subject006\sample_004.png,2026-09-08T20:00:11.477000
subject007,sample_000.png,C:\Users\riyat\Downloads\palmvein\palm_vein_dataset\subject007\sample_000.png,2026-09-08T20:02:06.810129
subject007,sample_001.png,C:\Users\riyat\Downloads\palmvein\palm_vein_dataset\subject007\sample_001.png,2026-09-08T20:02:23.011878
subject007,sample_002.png,C:\Users\riyat\Downloads\palmvein\palm_vein_dataset\subject007\sample_002.png,2026-09-08T20:02:23.953247
subject007,sample_003.png,C:\Users\riyat\Downloads\palmvein\palm_vein_dataset\subject007\sample_003.png,2026-09-08T20:02:25.246383
subject007,sample_004.png,C:\Users\riyat\Downloads\palmvein\palm_vein_dataset\subject007\sample_004.png,2026-09-08T20:02:37.182438
subject008,sample_000.png,C:\Users\riyat\Downloads\palmvein\palm_vein_dataset\subject008\sample_000.png,2026-09-08T20:05:19.917756
subject008,sample_001.png,C:\Users\riyat\Downloads\palmvein\palm_vein_dataset\subject008\sample_001.png,2026-09-08T20:05:20.481532
subject008,sample_002.png,C:\Users\riyat\Downloads\palmvein\palm_vein_dataset\subject008\sample_002.png,2026-09-08T20:05:21.025224
subject008,sample_003.png,C:\Users\riyat\Downloads\palmvein\palm_vein_dataset\subject008\sample_003.png,2026-09-08T20:05:21.507107
subject008,sample_004.png,C:\Users\riyat\Downloads\palmvein\palm_vein_dataset\subject008\sample_004.png,2026-09-08T20:05:22.115624
subject009,sample_000.png,C:\Users\riyat\Downloads\palmvein\palm_vein_dataset\subject009\sample_000.png,2026-09-08T20:06:24.947169
subject009,sample_001.png,C:\Users\riyat\Downloads\palmvein\palm_vein_dataset\subject009\sample_001.png,2026-09-08T20:06:25.535273
subject009,sample_002.png,C:\Users\riyat\Downloads\palmvein\palm_vein_dataset\subject009\sample_002.png,2026-09-08T20:06:26.291129
subject009,sample_003.png,C:\Users\riyat\Downloads\palmvein\palm_vein_dataset\subject009\sample_003.png,2026-09-08T20:06:27.778967
subject009,sample_004.png,C:\Users\riyat\Downloads\palmvein\palm_vein_dataset\subject009\sample_004.png,2026-09-08T20:06:28.903911
subject010,sample_000.png,C:\Users\riyat\Downloads\palmvein\palm_vein_dataset\subject010\sample_000.png,2026-09-08T20:07:49.358371
subject010,sample_001.png,C:\Users\riyat\Downloads\palmvein\palm_vein_dataset\subject010\sample_001.png,2026-09-08T20:07:49.990899
subject010,sample_002.png,C:\Users\riyat\Downloads\palmvein\palm_vein_dataset\subject010\sample_002.png,2026-09-08T20:07:50.810982
subject010,sample_003.png,C:\Users\riyat\Downloads\palmvein\palm_vein_dataset\subject010\sample_003.png,2026-09-08T20:07:52.091795
subject010,sample_004.png,C:\Users\riyat\Downloads\palmvein\palm_vein_dataset\subject010\sample_004.png,2026-09-08T20:07:53.419075
subject011,sample_000.png,C:\Users\riyat\Downloads\palmvein\palm_vein_dataset\subject011\sample_000.png,2026-09-08T20:08:13.743768
subject011,sample_001.png,C:\Users\riyat\Downloads\palmvein\palm_vein_dataset\subject011\sample_001.png,2026-09-08T20:08:14.336262
subject011,sample_002.png,C:\Users\riyat\Downloads\palmvein\palm_vein_dataset\subject011\sample_002.png,2026-09-08T20:08:15.057523
subject011,sample_003.png,C:\Users\riyat\Downloads\palmvein\palm_vein_dataset\subject011\sample_003.png,2026-09-08T20:08:15.717105
subject011,sample_004.png,C:\Users\riyat\Downloads\palmvein\palm_vein_dataset\subject011\sample_004.png,2026-09-08T20:08:16.334710
subject012,sample_000.png,C:\Users\riyat\Downloads\palmvein\palm_vein_dataset\subject012\sample_000.png,2026-09-08T20:09:39.587205
subject012,sample_001.png,C:\Users\riyat\Downloads\palmvein\palm_vein_dataset\subject012\sample_001.png,2026-09-08T20:09:40.684183
subject012,sample_002.png,C:\Users\riyat\Downloads\palmvein\palm_vein_dataset\subject012\sample_002.png,2026-09-08T20:09:41.402773
subject012,sample_003.png,C:\Users\riyat\Downloads\palmvein\palm_vein_dataset\subject012\sample_003.png,2026-09-08T20:09:42.343907
subject012,sample_004.png,C:\Users\riyat\Downloads\palmvein\palm_vein_dataset\subject012\sample_004.png,2026-09-08T20:09:43.518070
subject013,sample_000.png,C:\Users\riyat\Downloads\palmvein\palm_vein_dataset\subject013\sample_000.png,2026-09-08T20:10:07.437693
subject013,sample_001.png,C:\Users\riyat\Downloads\palmvein\palm_vein_dataset\subject013\sample_001.png,2026-09-08T20:10:08.753764
subject013,sample_002.png,C:\Users\riyat\Downloads\palmvein\palm_vein_dataset\subject013\sample_002.png,2026-09-08T20:10:09.262665
subject013,sample_003.png,C:\Users\riyat\Downloads\palmvein\palm_vein_dataset\subject013\sample_003.png,2026-09-08T20:10:09.680356
subject013,sample_004.png,C:\Users\riyat\Downloads\palmvein\palm_vein_dataset\subject013\sample_004.png,2026-09-08T20:10:10.613082
subject014,sample_000.png,C:\Users\riyat\Downloads\palmvein\palm_vein_dataset\subject014\sample_000.png,2026-09-08T20:10:50.161706
subject014,sample_001.png,C:\Users\riyat\Downloads\palmvein\palm_vein_dataset\subject014\sample_001.png,2026-09-08T20:10:50.792080
subject014,sample_002.png,C:\Users\riyat\Downloads\palmvein\palm_vein_dataset\subject014\sample_002.png,2026-09-08T20:10:51.238524
subject014,sample_003.png,C:\Users\riyat\Downloads\palmvein\palm_vein_dataset\subject014\sample_003.png,2026-09-08T20:10:51.757648
subject014,sample_004.png,C:\Users\riyat\Downloads\palmvein\palm_vein_dataset\subject014\sample_004.png,2026-09-08T20:10:52.283399
subject015,sample_000.png,C:\Users\riyat\Downloads\palmvein\palm_vein_dataset\subject015\sample_000.png,2026-09-08T20:12:02.408750
subject015,sample_001.png,C:\Users\riyat\Downloads\palmvein\palm_vein_dataset\subject015\sample_001.png,2026-09-08T20:12:03.407640
subject015,sample_002.png,C:\Users\riyat\Downloads\palmvein\palm_vein_dataset\subject015\sample_002.png,2026-09-08T20:12:06.757990
subject015,sample_003.png,C:\Users\riyat\Downloads\palmvein\palm_vein_dataset\subject015\sample_003.png,2026-09-08T20:12:08.572261
subject015,sample_004.png,C:\Users\riyat\Downloads\palmvein\palm_vein_dataset\subject015\sample_004.png,2026-09-08T20:12:09.710230
subject016,sample_000.png,C:\Users\riyat\Downloads\palmvein\palm_vein_dataset\subject016\sample_000.png,2026-09-08T20:12:45.941441
subject016,sample_001.png,C:\Users\riyat\Downloads\palmvein\palm_vein_dataset\subject016\sample_001.png,2026-09-08T20:12:46.371431
subject016,sample_002.png,C:\Users\riyat\Downloads\palmvein\palm_vein_dataset\subject016\sample_002.png,2026-09-08T20:12:46.759959
subject016,sample_003.png,C:\Users\riyat\Downloads\palmvein\palm_vein_dataset\subject016\sample_003.png,2026-09-08T20:12:47.127883
subject016,sample_004.png,C:\Users\riyat\Downloads\palmvein\palm_vein_dataset\subject016\sample_004.png,2026-09-08T20:12:47.632915
subject017,sample_000.png,C:\Users\riyat\Downloads\palmvein\palm_vein_dataset\subject017\sample_000.png,2026-09-08T20:13:19.958262
subject017,sample_001.png,C:\Users\riyat\Downloads\palmvein\palm_vein_dataset\subject017\sample_001.png,2026-09-08T20:13:20.634253
subject017,sample_002.png,C:\Users\riyat\Downloads\palmvein\palm_vein_dataset\subject017\sample_002.png,2026-09-08T20:13:24.655066
subject017,sample_003.png,C:\Users\riyat\Downloads\palmvein\palm_vein_dataset\subject017\sample_003.png,2026-09-08T20:13:26.435456
subject017,sample_004.png,C:\Users\riyat\Downloads\palmvein\palm_vein_dataset\subject017\sample_004.png,2026-09-08T20:13:27.769050
subject018,sample_000.png,C:\Users\riyat\Downloads\palmvein\palm_vein_dataset\subject018\sample_000.png,2026-09-08T20:13:52.926882
subject018,sample_001.png,C:\Users\riyat\Downloads\palmvein\palm_vein_dataset\subject018\sample_001.png,2026-09-08T20:13:53.728045
subject018,sample_002.png,C:\Users\riyat\Downloads\palmvein\palm_vein_dataset\subject018\sample_002.png,2026-09-08T20:13:54.646777
subject018,sample_003.png,C:\Users\riyat\Downloads\palmvein\palm_vein_dataset\subject018\sample_003.png,2026-09-08T20:13:55.726917
subject018,sample_004.png,C:\Users\riyat\Downloads\palmvein\palm_vein_dataset\subject018\sample_004.png,2026-09-08T20:13:56.693011
subject019,sample_000.png,C:\Users\riyat\Downloads\palmvein\palm_vein_dataset\subject019\sample_000.png,2026-09-08T20:15:39.042435
subject019,sample_001.png,C:\Users\riyat\Downloads\palmvein\palm_vein_dataset\subject019\sample_001.png,2026-09-08T20:15:39.676069
subject019,sample_002.png,C:\Users\riyat\Downloads\palmvein\palm_vein_dataset\subject019\sample_002.png,2026-09-08T20:15:40.332512
subject019,sample_003.png,C:\Users\riyat\Downloads\palmvein\palm_vein_dataset\subject019\sample_003.png,2026-09-08T20:15:40.769463
subject019,sample_004.png,C:\Users\riyat\Downloads\palmvein\palm_vein_dataset\subject019\sample_004.png,2026-09-08T20:15:41.903574
subject020,sample_000.png,C:\Users\riyat\Downloads\palmvein\palm_vein_dataset\subject020\sample_000.png,2026-09-08T20:16:11.837771
subject020,sample_001.png,C:\Users\riyat\Downloads\palmvein\palm_vein_dataset\subject020\sample_001.png,2026-09-08T20:16:12.540804
subject020,sample_002.png,C:\Users\riyat\Downloads\palmvein\palm_vein_dataset\subject020\sample_002.png,2026-09-08T20:16:13.098943
subject020,sample_003.png,C:\Users\riyat\Downloads\palmvein\palm_vein_dataset\subject020\sample_003.png,2026-09-08T20:16:13.501940
subject020,sample_004.png,C:\Users\riyat\Downloads\palmvein\palm_vein_dataset\subject020\sample_004.png,2026-09-08T20:16:13.965835
subject021,sample_000.png,C:\Users\riyat\Downloads\palmvein\palm_vein_dataset\subject021\sample_000.png,2026-09-08T20:16:54.971860
subject021,sample_001.png,C:\Users\riyat\Downloads\palmvein\palm_vein_dataset\subject021\sample_001.png,2026-09-08T20:16:55.600238
subject021,sample_002.png,C:\Users\riyat\Downloads\palmvein\palm_vein_dataset\subject021\sample_002.png,2026-09-08T20:16:56.051938
subject021,sample_003.png,C:\Users\riyat\Downloads\palmvein\palm_vein_dataset\subject021\sample_003.png,2026-09-08T20:16:56.402617
subject021,sample_004.png,C:\Users\riyat\Downloads\palmvein\palm_vein_dataset\subject021\sample_004.png,2026-09-08T20:16:56.833291
subject022,sample_000.png,C:\Users\riyat\Downloads\palmvein\palm_vein_dataset\subject022\sample_000.png,2026-09-08T20:18:21.331274
subject022,sample_001.png,C:\Users\riyat\Downloads\palmvein\palm_vein_dataset\subject022\sample_001.png,2026-09-08T20:18:22.464043
subject022,sample_002.png,C:\Users\riyat\Downloads\palmvein\palm_vein_dataset\subject022\sample_002.png,2026-09-08T20:18:22.911317
subject022,sample_003.png,C:\Users\riyat\Downloads\palmvein\palm_vein_dataset\subject022\sample_003.png,2026-09-08T20:18:23.497728
subject022,sample_004.png,C:\Users\riyat\Downloads\palmvein\palm_vein_dataset\subject022\sample_004.png,2026-09-08T20:18:24.030176
subject023,sample_000.png,C:\Users\riyat\Downloads\palmvein\palm_vein_dataset\subject023\sample_000.png,2026-09-08T20:20:11.496653
subject023,sample_001.png,C:\Users\riyat\Downloads\palmvein\palm_vein_dataset\subject023\sample_001.png,2026-09-08T20:20:12.130122
subject023,sample_002.png,C:\Users\riyat\Downloads\palmvein\palm_vein_dataset\subject023\sample_002.png,2026-09-08T20:20:12.639434
subject023,sample_003.png,C:\Users\riyat\Downloads\palmvein\palm_vein_dataset\subject023\sample_003.png,2026-09-08T20:20:12.995845
subject023,sample_004.png,C:\Users\riyat\Downloads\palmvein\palm_vein_dataset\subject023\sample_004.png,2026-09-08T20:20:13.352782
subject024,sample_000.png,C:\Users\riyat\Downloads\palmvein\palm_vein_dataset\subject024\sample_000.png,2026-09-08T20:20:32.993527
subject024,sample_001.png,C:\Users\riyat\Downloads\palmvein\palm_vein_dataset\subject024\sample_001.png,2026-09-08T20:20:38.268345
subject024,sample_002.png,C:\Users\riyat\Downloads\palmvein\palm_vein_dataset\subject024\sample_002.png,2026-09-08T20:20:39.220375
subject024,sample_003.png,C:\Users\riyat\Downloads\palmvein\palm_vein_dataset\subject024\sample_003.png,2026-09-08T20:20:39.701420
subject024,sample_004.png,C:\Users\riyat\Downloads\palmvein\palm_vein_dataset\subject024\sample_004.png,2026-09-08T20:20:40.094138
subject025,sample_000.png,C:\Users\riyat\Downloads\palmvein\palm_vein_dataset\subject025\sample_000.png,2026-09-08T20:21:15.370081
subject025,sample_001.png,C:\Users\riyat\Downloads\palmvein\palm_vein_dataset\subject025\sample_001.png,2026-09-08T20:21:16.000849
subject025,sample_002.png,C:\Users\riyat\Downloads\palmvein\palm_vein_dataset\subject025\sample_002.png,2026-09-08T20:21:16.614710
subject025,sample_003.png,C:\Users\riyat\Downloads\palmvein\palm_vein_dataset\subject025\sample_003.png,2026-09-08T20:21:17.124012
subject025,sample_004.png,C:\Users\riyat\Downloads\palmvein\palm_vein_dataset\subject025\sample_004.png,2026-09-08T20:21:17.592012
subject026,sample_000.png,C:\Users\riyat\Downloads\palmvein\palm_vein_dataset\subject026\sample_000.png,2026-09-08T20:22:01.548387
subject026,sample_001.png,C:\Users\riyat\Downloads\palmvein\palm_vein_dataset\subject026\sample_001.png,2026-09-08T20:22:02.022888
subject026,sample_002.png,C:\Users\riyat\Downloads\palmvein\palm_vein_dataset\subject026\sample_002.png,2026-09-08T20:22:02.476207
subject026,sample_003.png,C:\Users\riyat\Downloads\palmvein\palm_vein_dataset\subject026\sample_003.png,2026-09-08T20:22:02.921102
subject026,sample_004.png,C:\Users\riyat\Downloads\palmvein\palm_vein_dataset\subject026\sample_004.png,2026-09-08T20:22:03.357806
subject027,sample_000.png,C:\Users\riyat\Downloads\palmvein\palm_vein_dataset\subject027\sample_000.png,2026-09-08T20:22:56.358540
subject027,sample_001.png,C:\Users\riyat\Downloads\palmvein\palm_vein_dataset\subject027\sample_001.png,2026-09-08T20:22:56.991820
subject027,sample_002.png,C:\Users\riyat\Downloads\palmvein\palm_vein_dataset\subject027\sample_002.png,2026-09-08T20:22:57.726212
subject027,sample_003.png,C:\Users\riyat\Downloads\palmvein\palm_vein_dataset\subject027\sample_003.png,2026-09-08T20:22:58.260048
subject027,sample_004.png,C:\Users\riyat\Downloads\palmvein\palm_vein_dataset\subject027\sample_004.png,2026-09-08T20:22:58.792362
subject028,sample_000.png,C:\Users\riyat\Downloads\palmvein\palm_vein_dataset\subject028\sample_000.png,2026-09-08T20:28:12.298338
subject028,sample_001.png,C:\Users\riyat\Downloads\palmvein\palm_vein_dataset\subject028\sample_001.png,2026-09-08T20:28:12.863972
subject028,sample_002.png,C:\Users\riyat\Downloads\palmvein\palm_vein_dataset\subject028\sample_002.png,2026-09-08T20:28:13.273017
subject028,sample_003.png,C:\Users\riyat\Downloads\palmvein\palm_vein_dataset\subject028\sample_003.png,2026-09-08T20:28:17.863964
subject028,sample_004.png,C:\Users\riyat\Downloads\palmvein\palm_vein_dataset\subject028\sample_004.png,2026-09-08T20:28:18.425455
subject029,sample_000.png,C:\Users\riyat\Downloads\palmvein\palm_vein_dataset\subject029\sample_000.png,2026-09-08T20:28:56.048053
subject029,sample_001.png,C:\Users\riyat\Downloads\palmvein\palm_vein_dataset\subject029\sample_001.png,2026-09-08T20:28:57.241276
subject029,sample_002.png,C:\Users\riyat\Downloads\palmvein\palm_vein_dataset\subject029\sample_002.png,2026-09-08T20:29:02.144913
subject029,sample_003.png,C:\Users\riyat\Downloads\palmvein\palm_vein_dataset\subject029\sample_003.png,2026-09-08T20:29:06.145159
subject029,sample_004.png,C:\Users\riyat\Downloads\palmvein\palm_vein_dataset\subject029\sample_004.png,2026-09-08T20:29:07.039008
subject030,sample_000.png,C:\Users\riyat\Downloads\palmvein\palm_vein_dataset\subject030\sample_000.png,2026-09-08T20:29:51.525843
subject030,sample_001.png,C:\Users\riyat\Downloads\palmvein\palm_vein_dataset\subject030\sample_001.png,2026-09-08T20:29:52.088473
subject030,sample_002.png,C:\Users\riyat\Downloads\palmvein\palm_vein_dataset\subject030\sample_002.png,2026-09-08T20:29:52.473207
subject030,sample_003.png,C:\Users\riyat\Downloads\palmvein\palm_vein_dataset\subject030\sample_003.png,2026-09-08T20:29:52.887457
subject030,sample_004.png,C:\Users\riyat\Downloads\palmvein\palm_vein_dataset\subject030\sample_004.png,2026-09-08T20:29:53.429349
subject031,sample_000.png,C:\Users\riyat\Downloads\palmvein\palm_vein_dataset\subject031\sample_000.png,2026-09-08T20:30:21.761409
subject031,sample_001.png,C:\Users\riyat\Downloads\palmvein\palm_vein_dataset\subject031\sample_001.png,2026-09-08T20:30:22.225214
subject031,sample_002.png,C:\Users\riyat\Downloads\palmvein\palm_vein_dataset\subject031\sample_002.png,2026-09-08T20:30:22.744009
subject031,sample_003.png,C:\Users\riyat\Downloads\palmvein\palm_vein_dataset\subject031\sample_003.png,2026-09-08T20:30:23.193509
subject031,sample_004.png,C:\Users\riyat\Downloads\palmvein\palm_vein_dataset\subject031\sample_004.png,2026-09-08T20:30:23.627972
subject032,sample_000.png,C:\Users\riyat\Downloads\palmvein\palm_vein_dataset\subject032\sample_000.png,2026-09-08T20:31:23.756848
subject032,sample_001.png,C:\Users\riyat\Downloads\palmvein\palm_vein_dataset\subject032\sample_001.png,2026-09-08T20:31:24.253260
subject032,sample_002.png,C:\Users\riyat\Downloads\palmvein\palm_vein_dataset\subject032\sample_002.png,2026-09-08T20:31:24.640356
subject032,sample_003.png,C:\Users\riyat\Downloads\palmvein\palm_vein_dataset\subject032\sample_003.png,2026-09-08T20:31:25.015932
subject032,sample_004.png,C:\Users\riyat\Downloads\palmvein\palm_vein_dataset\subject032\sample_004.png,2026-09-08T20:31:25.484783
subject033,sample_000.png,C:\Users\riyat\Downloads\palmvein\palm_vein_dataset\subject033\sample_000.png,2026-09-08T20:31:42.574963
subject033,sample_001.png,C:\Users\riyat\Downloads\palmvein\palm_vein_dataset\subject033\sample_001.png,2026-09-08T20:31:43.264141
subject033,sample_002.png,C:\Users\riyat\Downloads\palmvein\palm_vein_dataset\subject033\sample_002.png,2026-09-08T20:31:43.989639
subject033,sample_003.png,C:\Users\riyat\Downloads\palmvein\palm_vein_dataset\subject033\sample_003.png,2026-09-08T20:31:44.496006
subject033,sample_004.png,C:\Users\riyat\Downloads\palmvein\palm_vein_dataset\subject033\sample_004.png,2026-09-08T20:31:45.684487
subject034,sample_000.png,C:\Users\riyat\Downloads\palmvein\palm_vein_dataset\subject034\sample_000.png,2026-09-08T20:32:37.330854
subject034,sample_001.png,C:\Users\riyat\Downloads\palmvein\palm_vein_dataset\subject034\sample_001.png,2026-09-08T20:32:38.696177
subject034,sample_002.png,C:\Users\riyat\Downloads\palmvein\palm_vein_dataset\subject034\sample_002.png,2026-09-08T20:32:43.584830
subject034,sample_003.png,C:\Users\riyat\Downloads\palmvein\palm_vein_dataset\subject034\sample_003.png,2026-09-08T20:32:43.965995
subject034,sample_004.png,C:\Users\riyat\Downloads\palmvein\palm_vein_dataset\subject034\sample_004.png,2026-09-08T20:32:44.462955
subject035,sample_000.png,C:\Users\riyat\Downloads\palmvein\palm_vein_dataset\subject035\sample_000.png,2026-09-08T20:33:01.300644
subject035,sample_001.png,C:\Users\riyat\Downloads\palmvein\palm_vein_dataset\subject035\sample_001.png,2026-09-08T20:33:01.931623
subject035,sample_002.png,C:\Users\riyat\Downloads\palmvein\palm_vein_dataset\subject035\sample_002.png,2026-09-08T20:33:02.733730
subject035,sample_003.png,C:\Users\riyat\Downloads\palmvein\palm_vein_dataset\subject035\sample_003.png,2026-09-08T20:33:03.268561
subject035,sample_004.png,C:\Users\riyat\Downloads\palmvein\palm_vein_dataset\subject035\sample_004.png,2026-09-08T20:33:04.128941
subject036,sample_000.png,C:\Users\riyat\Downloads\palmvein\palm_vein_dataset\subject036\sample_000.png,2026-09-08T20:33:41.231113
subject036,sample_001.png,C:\Users\riyat\Downloads\palmvein\palm_vein_dataset\subject036\sample_001.png,2026-09-08T20:33:41.764773
subject036,sample_002.png,C:\Users\riyat\Downloads\palmvein\palm_vein_dataset\subject036\sample_002.png,2026-09-08T20:33:42.187345
subject036,sample_003.png,C:\Users\riyat\Downloads\palmvein\palm_vein_dataset\subject036\sample_003.png,2026-09-08T20:33:42.797055
subject036,sample_004.png,C:\Users\riyat\Downloads\palmvein\palm_vein_dataset\subject036\sample_004.png,2026-09-08T20:33:43.429024
subject037,sample_000.png,C:\Users\riyat\Downloads\palmvein\palm_vein_dataset\subject037\sample_000.png,2026-09-08T20:34:31.387553
subject037,sample_001.png,C:\Users\riyat\Downloads\palmvein\palm_vein_dataset\subject037\sample_001.png,2026-09-08T20:34:31.916172
subject037,sample_002.png,C:\Users\riyat\Downloads\palmvein\palm_vein_dataset\subject037\sample_002.png,2026-09-08T20:34:32.368128
subject037,sample_003.png,C:\Users\riyat\Downloads\palmvein\palm_vein_dataset\subject037\sample_003.png,2026-09-08T20:34:32.816656
subject037,sample_004.png,C:\Users\riyat\Downloads\palmvein\palm_vein_dataset\subject037\sample_004.png,2026-09-08T20:34:33.249849
subject038,sample_000.png,C:\Users\riyat\Downloads\palmvein\palm_vein_dataset\subject038\sample_000.png,2026-09-08T20:34:59.691617
subject038,sample_001.png,C:\Users\riyat\Downloads\palmvein\palm_vein_dataset\subject038\sample_001.png,2026-09-08T20:35:00.464419
subject038,sample_002.png,C:\Users\riyat\Downloads\palmvein\palm_vein_dataset\subject038\sample_002.png,2026-09-08T20:35:00.950764
subject038,sample_003.png,C:\Users\riyat\Downloads\palmvein\palm_vein_dataset\subject038\sample_003.png,2026-09-08T20:35:17.834150
subject038,sample_004.png,C:\Users\riyat\Downloads\palmvein\palm_vein_dataset\subject038\sample_004.png,2026-09-08T20:35:18.671727
subject039,sample_000.png,C:\Users\riyat\Downloads\palmvein\palm_vein_dataset\subject039\sample_000.png,2026-09-08T20:35:38.953711
subject039,sample_001.png,C:\Users\riyat\Downloads\palmvein\palm_vein_dataset\subject039\sample_001.png,2026-09-08T20:35:42.059066
subject039,sample_002.png,C:\Users\riyat\Downloads\palmvein\palm_vein_dataset\subject039\sample_002.png,2026-09-08T20:35:43.376266
subject039,sample_003.png,C:\Users\riyat\Downloads\palmvein\palm_vein_dataset\subject039\sample_003.png,2026-09-08T20:35:44.245467
subject039,sample_004.png,C:\Users\riyat\Downloads\palmvein\palm_vein_dataset\subject039\sample_004.png,2026-09-08T20:35:45.654795
subject040,sample_000.png,C:\Users\riyat\Downloads\palmvein\palm_vein_dataset\subject040\sample_000.png,2026-09-08T20:36:20.136544
subject040,sample_001.png,C:\Users\riyat\Downloads\palmvein\palm_vein_dataset\subject040\sample_001.png,2026-09-08T20:36:21.464840
subject040,sample_002.png,C:\Users\riyat\Downloads\palmvein\palm_vein_dataset\subject040\sample_002.png,2026-09-08T20:36:22.533431
subject040,sample_003.png,C:\Users\riyat\Downloads\palmvein\palm_vein_dataset\subject040\sample_003.png,2026-09-08T20:36:23.934214
subject040,sample_004.png,C:\Users\riyat\Downloads\palmvein\palm_vein_dataset\subject040\sample_004.png,2026-09-08T20:36:25.433512
subject041,sample_000.png,C:\Users\riyat\Downloads\palmvein\palm_vein_dataset\subject041\sample_000.png,2026-09-08T20:36:51.405941
subject041,sample_001.png,C:\Users\riyat\Downloads\palmvein\palm_vein_dataset\subject041\sample_001.png,2026-09-08T20:36:52.265630
subject041,sample_002.png,C:\Users\riyat\Downloads\palmvein\palm_vein_dataset\subject041\sample_002.png,2026-09-08T20:36:52.594177
subject041,sample_003.png,C:\Users\riyat\Downloads\palmvein\palm_vein_dataset\subject041\sample_003.png,2026-09-08T20:36:53.700746
subject041,sample_004.png,C:\Users\riyat\Downloads\palmvein\palm_vein_dataset\subject041\sample_004.png,2026-09-08T20:36:54.197052
subject042,sample_000.png,C:\Users\riyat\Downloads\palmvein\palm_vein_dataset\subject042\sample_000.png,2026-09-08T20:37:40.879800
subject042,sample_001.png,C:\Users\riyat\Downloads\palmvein\palm_vein_dataset\subject042\sample_001.png,2026-09-08T20:37:41.509544
subject042,sample_002.png,C:\Users\riyat\Downloads\palmvein\palm_vein_dataset\subject042\sample_002.png,2026-09-08T20:37:41.987843
subject042,sample_003.png,C:\Users\riyat\Downloads\palmvein\palm_vein_dataset\subject042\sample_003.png,2026-09-08T20:37:42.376560
subject042,sample_004.png,C:\Users\riyat\Downloads\palmvein\palm_vein_dataset\subject042\sample_004.png,2026-09-08T20:37:42.947016
subject043,sample_000.png,C:\Users\riyat\Downloads\palmvein\palm_vein_dataset\subject043\sample_000.png,2026-09-08T20:38:31.996024
subject043,sample_001.png,C:\Users\riyat\Downloads\palmvein\palm_vein_dataset\subject043\sample_001.png,2026-09-08T20:38:32.756778
subject043,sample_002.png,C:\Users\riyat\Downloads\palmvein\palm_vein_dataset\subject043\sample_002.png,2026-09-08T20:38:33.414556
subject043,sample_003.png,C:\Users\riyat\Downloads\palmvein\palm_vein_dataset\subject043\sample_003.png,2026-09-08T20:38:33.959703
subject043,sample_004.png,C:\Users\riyat\Downloads\palmvein\palm_vein_dataset\subject043\sample_004.png,2026-09-08T20:38:34.528555
subject044,sample_000.png,C:\Users\riyat\Downloads\palmvein\palm_vein_dataset\subject044\sample_000.png,2026-09-08T20:39:32.529911
subject044,sample_001.png,C:\Users\riyat\Downloads\palmvein\palm_vein_dataset\subject044\sample_001.png,2026-09-08T20:39:33.063559
subject044,sample_002.png,C:\Users\riyat\Downloads\palmvein\palm_vein_dataset\subject044\sample_002.png,2026-09-08T20:39:33.448645
subject044,sample_003.png,C:\Users\riyat\Downloads\palmvein\palm_vein_dataset\subject044\sample_003.png,2026-09-08T20:39:33.829788
subject044,sample_004.png,C:\Users\riyat\Downloads\palmvein\palm_vein_dataset\subject044\sample_004.png,2026-09-08T20:39:34.896549
subject045,sample_000.png,C:\Users\riyat\Downloads\palmvein\palm_vein_dataset\subject045\sample_000.png,2026-09-08T20:39:57.919231
subject045,sample_001.png,C:\Users\riyat\Downloads\palmvein\palm_vein_dataset\subject045\sample_001.png,2026-09-08T20:39:59.519107
subject045,sample_002.png,C:\Users\riyat\Downloads\palmvein\palm_vein_dataset\subject045\sample_002.png,2026-09-08T20:40:00.068506
subject045,sample_003.png,C:\Users\riyat\Downloads\palmvein\palm_vein_dataset\subject045\sample_003.png,2026-09-08T20:40:00.485931
subject045,sample_004.png,C:\Users\riyat\Downloads\palmvein\palm_vein_dataset\subject045\sample_004.png,2026-09-08T20:40:00.984865
subject046,sample_000.png,C:\Users\riyat\Downloads\palmvein\palm_vein_dataset\subject046\sample_000.png,2026-09-08T20:40:41.782673
subject046,sample_001.png,C:\Users\riyat\Downloads\palmvein\palm_vein_dataset\subject046\sample_001.png,2026-09-08T20:40:52.248800
subject046,sample_002.png,C:\Users\riyat\Downloads\palmvein\palm_vein_dataset\subject046\sample_002.png,2026-09-08T20:40:53.595425
subject046,sample_003.png,C:\Users\riyat\Downloads\palmvein\palm_vein_dataset\subject046\sample_003.png,2026-09-08T20:40:54.105761
subject046,sample_004.png,C:\Users\riyat\Downloads\palmvein\palm_vein_dataset\subject046\sample_004.png,2026-09-08T20:40:54.675032
subject047,sample_000.png,C:\Users\riyat\Downloads\palmvein\palm_vein_dataset\subject047\sample_000.png,2026-09-08T20:41:53.019383
subject047,sample_001.png,C:\Users\riyat\Downloads\palmvein\palm_vein_dataset\subject047\sample_001.png,2026-09-08T20:41:53.585267
subject047,sample_002.png,C:\Users\riyat\Downloads\palmvein\palm_vein_dataset\subject047\sample_002.png,2026-09-08T20:41:57.204090
subject047,sample_003.png,C:\Users\riyat\Downloads\palmvein\palm_vein_dataset\subject047\sample_003.png,2026-09-08T20:42:25.456364
subject047,sample_004.png,C:\Users\riyat\Downloads\palmvein\palm_vein_dataset\subject047\sample_004.png,2026-09-08T20:42:26.387752
subject048,sample_000.png,C:\Users\riyat\Downloads\palmvein\palm_vein_dataset\subject048\sample_000.png,2026-09-08T20:42:59.478960
subject048,sample_001.png,C:\Users\riyat\Downloads\palmvein\palm_vein_dataset\subject048\sample_001.png,2026-09-08T20:43:00.044124
subject048,sample_002.png,C:\Users\riyat\Downloads\palmvein\palm_vein_dataset\subject048\sample_002.png,2026-09-08T20:43:00.426813
subject048,sample_003.png,C:\Users\riyat\Downloads\palmvein\palm_vein_dataset\subject048\sample_003.png,2026-09-08T20:43:00.742408
subject048,sample_004.png,C:\Users\riyat\Downloads\palmvein\palm_vein_dataset\subject048\sample_004.png,2026-09-08T20:43:01.149019
subject048,sample_005.png,C:\Users\riyat\Downloads\palmvein\palm_vein_dataset\subject048\sample_005.png,2026-09-08T20:43:31.682999
subject050,sample_000.png,C:\Users\riyat\Downloads\palmvein\palm_vein_dataset\subject050\sample_000.png,2026-09-08T20:44:19.350000
subject050,sample_001.png,C:\Users\riyat\Downloads\palmvein\palm_vein_dataset\subject050\sample_001.png,2026-09-08T20:44:19.816270
subject050,sample_002.png,C:\Users\riyat\Downloads\palmvein\palm_vein_dataset\subject050\sample_002.png,2026-09-08T20:44:20.488076
subject050,sample_003.png,C:\Users\riyat\Downloads\palmvein\palm_vein_dataset\subject050\sample_003.png,2026-09-08T20:44:20.938115
subject050,sample_004.png,C:\Users\riyat\Downloads\palmvein\palm_vein_dataset\subject050\sample_004.png,2026-09-08T20:44:21.544575
subject051,sample_000.png,C:\Users\riyat\Downloads\palmvein\palm_vein_dataset\subject051\sample_000.png,2026-09-08T20:45:36.916433
subject051,sample_001.png,C:\Users\riyat\Downloads\palmvein\palm_vein_dataset\subject051\sample_001.png,2026-09-08T20:45:39.420508
subject051,sample_002.png,C:\Users\riyat\Downloads\palmvein\palm_vein_dataset\subject051\sample_002.png,2026-09-08T20:45:40.732020
subject051,sample_003.png,C:\Users\riyat\Downloads\palmvein\palm_vein_dataset\subject051\sample_003.png,2026-09-08T20:45:42.181989
subject051,sample_004.png,C:\Users\riyat\Downloads\palmvein\palm_vein_dataset\subject051\sample_004.png,2026-09-08T20:45:43.416623
subject052,sample_000.png,C:\Users\riyat\Downloads\palmvein\palm_vein_dataset\subject052\sample_000.png,2026-09-08T20:46:11.959642
subject052,sample_001.png,C:\Users\riyat\Downloads\palmvein\palm_vein_dataset\subject052\sample_001.png,2026-09-08T20:46:12.758249
subject052,sample_002.png,C:\Users\riyat\Downloads\palmvein\palm_vein_dataset\subject052\sample_002.png,2026-09-08T20:46:13.712528
subject052,sample_003.png,C:\Users\riyat\Downloads\palmvein\palm_vein_dataset\subject052\sample_003.png,2026-09-08T20:46:14.455711
subject052,sample_004.png,C:\Users\riyat\Downloads\palmvein\palm_vein_dataset\subject052\sample_004.png,2026-09-08T20:46:15.190143
subject053,sample_000.png,C:\Users\riyat\Downloads\palmvein\palm_vein_dataset\subject053\sample_000.png,2026-09-08T20:46:54.871550
subject053,sample_001.png,C:\Users\riyat\Downloads\palmvein\palm_vein_dataset\subject053\sample_001.png,2026-09-08T20:46:55.705848
subject053,sample_002.png,C:\Users\riyat\Downloads\palmvein\palm_vein_dataset\subject053\sample_002.png,2026-09-08T20:46:56.051882
subject053,sample_003.png,C:\Users\riyat\Downloads\palmvein\palm_vein_dataset\subject053\sample_003.png,2026-09-08T20:46:56.874657
subject053,sample_004.png,C:\Users\riyat\Downloads\palmvein\palm_vein_dataset\subject053\sample_004.png,2026-09-08T20:46:57.398007
subject054,sample_000.png,C:\Users\riyat\Downloads\palmvein\palm_vein_dataset\subject054\sample_000.png,2026-09-08T20:47:24.584978
subject054,sample_001.png,C:\Users\riyat\Downloads\palmvein\palm_vein_dataset\subject054\sample_001.png,2026-09-08T20:47:25.205710
subject054,sample_002.png,C:\Users\riyat\Downloads\palmvein\palm_vein_dataset\subject054\sample_002.png,2026-09-08T20:47:26.007659
subject054,sample_003.png,C:\Users\riyat\Downloads\palmvein\palm_vein_dataset\subject054\sample_003.png,2026-09-08T20:47:26.653634
subject054,sample_004.png,C:\Users\riyat\Downloads\palmvein\palm_vein_dataset\subject054\sample_004.png,2026-09-08T20:47:27.287664
subject055,sample_000.png,C:\Users\riyat\Downloads\palmvein\palm_vein_dataset\subject055\sample_000.png,2026-09-08T20:48:13.970424
subject055,sample_001.png,C:\Users\riyat\Downloads\palmvein\palm_vein_dataset\subject055\sample_001.png,2026-09-08T20:48:15.003075
subject055,sample_002.png,C:\Users\riyat\Downloads\palmvein\palm_vein_dataset\subject055\sample_002.png,2026-09-08T20:48:15.486267
subject055,sample_003.png,C:\Users\riyat\Downloads\palmvein\palm_vein_dataset\subject055\sample_003.png,2026-09-08T20:48:15.794431
subject055,sample_004.png,C:\Users\riyat\Downloads\palmvein\palm_vein_dataset\subject055\sample_004.png,2026-09-08T20:48:16.601445
subject056,sample_000.png,C:\Users\riyat\Downloads\palmvein\palm_vein_dataset\subject056\sample_000.png,2026-09-08T20:48:36.208294
subject056,sample_001.png,C:\Users\riyat\Downloads\palmvein\palm_vein_dataset\subject056\sample_001.png,2026-09-08T20:48:37.672973
subject056,sample_002.png,C:\Users\riyat\Downloads\palmvein\palm_vein_dataset\subject056\sample_002.png,2026-09-08T20:48:39.738686
subject056,sample_003.png,C:\Users\riyat\Downloads\palmvein\palm_vein_dataset\subject056\sample_003.png,2026-09-08T20:48:40.694806
subject056,sample_004.png,C:\Users\riyat\Downloads\palmvein\palm_vein_dataset\subject056\sample_004.png,2026-09-08T20:48:42.101759
subject057,sample_000.png,C:\Users\riyat\Downloads\palmvein\palm_vein_dataset\subject057\sample_000.png,2026-09-08T20:49:20.166102
subject057,sample_001.png,C:\Users\riyat\Downloads\palmvein\palm_vein_dataset\subject057\sample_001.png,2026-09-08T20:49:20.919266
subject057,sample_002.png,C:\Users\riyat\Downloads\palmvein\palm_vein_dataset\subject057\sample_002.png,2026-09-08T20:49:21.380109
subject057,sample_003.png,C:\Users\riyat\Downloads\palmvein\palm_vein_dataset\subject057\sample_003.png,2026-09-08T20:49:21.728577
subject057,sample_004.png,C:\Users\riyat\Downloads\palmvein\palm_vein_dataset\subject057\sample_004.png,2026-09-08T20:49:22.058872
subject058,sample_000.png,C:\Users\riyat\Downloads\palmvein\palm_vein_dataset\subject058\sample_000.png,2026-09-08T20:49:38.038141
subject058,sample_001.png,C:\Users\riyat\Downloads\palmvein\palm_vein_dataset\subject058\sample_001.png,2026-09-08T20:49:38.635020
subject058,sample_002.png,C:\Users\riyat\Downloads\palmvein\palm_vein_dataset\subject058\sample_002.png,2026-09-08T20:49:39.153363
subject058,sample_003.png,C:\Users\riyat\Downloads\palmvein\palm_vein_dataset\subject058\sample_003.png,2026-09-08T20:49:39.592380
subject058,sample_004.png,C:\Users\riyat\Downloads\palmvein\palm_vein_dataset\subject058\sample_004.png,2026-09-08T20:49:40.571822
subject059,sample_000.png,C:\Users\riyat\Downloads\palmvein\palm_vein_dataset\subject059\sample_000.png,2026-09-08T20:51:10.690673
subject059,sample_001.png,C:\Users\riyat\Downloads\palmvein\palm_vein_dataset\subject059\sample_001.png,2026-09-08T20:51:11.190515
subject059,sample_002.png,C:\Users\riyat\Downloads\palmvein\palm_vein_dataset\subject059\sample_002.png,2026-09-08T20:51:11.674917
subject059,sample_003.png,C:\Users\riyat\Downloads\palmvein\palm_vein_dataset\subject059\sample_003.png,2026-09-08T20:51:12.091689
subject059,sample_004.png,C:\Users\riyat\Downloads\palmvein\palm_vein_dataset\subject059\sample_004.png,2026-09-08T20:51:12.589667
subject060,sample_000.png,C:\Users\riyat\Downloads\palmvein\palm_vein_dataset\subject060\sample_000.png,2026-09-08T20:51:33.542112
subject060,sample_001.png,C:\Users\riyat\Downloads\palmvein\palm_vein_dataset\subject060\sample_001.png,2026-09-08T20:51:34.510946
subject060,sample_002.png,C:\Users\riyat\Downloads\palmvein\palm_vein_dataset\subject060\sample_002.png,2026-09-08T20:51:35.179509
subject060,sample_003.png,C:\Users\riyat\Downloads\palmvein\palm_vein_dataset\subject060\sample_003.png,2026-09-08T20:51:35.711167
subject060,sample_004.png,C:\Users\riyat\Downloads\palmvein\palm_vein_dataset\subject060\sample_004.png,2026-09-08T20:51:36.368476
subject061,sample_000.png,C:\Users\riyat\Downloads\palmvein\palm_vein_dataset\subject061\sample_000.png,2026-09-08T20:52:11.140553
subject061,sample_001.png,C:\Users\riyat\Downloads\palmvein\palm_vein_dataset\subject061\sample_001.png,2026-09-08T20:52:11.948154
subject061,sample_002.png,C:\Users\riyat\Downloads\palmvein\palm_vein_dataset\subject061\sample_002.png,2026-09-08T20:52:12.410469
subject061,sample_003.png,C:\Users\riyat\Downloads\palmvein\palm_vein_dataset\subject061\sample_003.png,2026-09-08T20:52:13.147778
subject061,sample_004.png,C:\Users\riyat\Downloads\palmvein\palm_vein_dataset\subject061\sample_004.png,2026-09-08T20:52:13.912663
subject062,sample_000.png,C:\Users\riyat\Downloads\palmvein\palm_vein_dataset\subject062\sample_000.png,2026-09-08T20:52:35.562473
subject062,sample_001.png,C:\Users\riyat\Downloads\palmvein\palm_vein_dataset\subject062\sample_001.png,2026-09-08T20:52:36.127952
subject062,sample_002.png,C:\Users\riyat\Downloads\palmvein\palm_vein_dataset\subject062\sample_002.png,2026-09-08T20:52:37.931697
subject062,sample_003.png,C:\Users\riyat\Downloads\palmvein\palm_vein_dataset\subject062\sample_003.png,2026-09-08T20:52:38.393340
subject062,sample_004.png,C:\Users\riyat\Downloads\palmvein\palm_vein_dataset\subject062\sample_004.png,2026-09-08T20:52:38.795939
